rsid	Chromosome	Position	MarkerName	Allele1	Allele2	Freq1	FreqSE	Effect	StdErr	P.value	Direction	HetISq	HetChiSq	HetDf	HetPVal	NCASE	NCONTROL	SAMPLESIZE	cluster_id	cluster_n
rs12747145	1	3400669	1:3400669:A:G	A	G	0.2009	0.0343	0.0334	0.0043	6.69e-15	-+-++++-	22.3	9.005	7	0.2523	272481	1011910	1284390	0	52
rs72864158	1	10184730	1:10184730:A:C	A	C	0.054	0.0269	-0.0635	0.0091	2.507e-12	-----+--	19.9	8.744	7	0.2716	272481	1011910	1284390	1	106
rs2885697	1	41078607	1:41078607:T:G	T	G	0.6726	0.0401	-0.0194	0.0033	4.838e-9	-++-----	37.9	11.265	7	0.1275	272481	1011910	1284390	2	27
rs12404980	1	42570810	1:42570810:G:A	A	G	0.6317	0.0655	0.0241	0.0032	3.809e-14	++-++-++	0	5.141	7	0.6427	272481	1011910	1284390	3	298
rs11591147	1	55039974	1:55039974:T:G	T	G	0.0245	0.011	-0.2205	0.0145	2.5719999999999998e-52	--?-??--	0	2.959	4	0.5648	235434	784485	1019920	4	424
NA	1	59152367	1:59152367:TA:T	T	TA	0.7453	0.0592	0.0252	0.004	4.091e-10	+++++++-	4.5	7.327	7	0.3957	272481	1011910	1284390	5	55
rs12752036	1	68512801	1:68512801:T:C	T	C	0.1366	0.0532	0.0258	0.0047	3.731e-8	++++++++	0	2.031	7	0.9581	272481	1011910	1284390	6	4
rs660870	1	92979860	1:92979860:A:C	A	C	0.4926	0.0922	-0.0187	0.0034	4.409e-8	--+-----	0	6.852	7	0.4445	272481	1011910	1284390	7	4
rs12740374	1	109274968	1:109274968:T:G	T	G	0.2141	0.0361	-0.0915	0.004	4.36e-114	--------	41.2	11.902	7	0.1038	272481	1011910	1284390	8	148
rs11102702	1	113908342	1:113908342:C:T	T	C	0.7497	0.1484	-0.0374	0.0041	8.715e-20	+-------	0	6.224	7	0.5139	272481	1011910	1284390	9	284
rs1942226	1	115366800	1:115366800:C:T	T	C	0.784	0.0458	0.0257	0.004	1.756e-10	+--++-++	31.5	10.225	7	0.1762	272481	1011910	1284390	10	22
rs12130363	1	150716120	1:150716120:C:T	T	C	0.518	0.0254	-0.0266	0.0036	2.661e-13	?----+-+	0.3	6.019	6	0.4211	245615	928518	1174130	11	243
rs146777460	1	11820711	1:11820711:G:A	A	G	0.8537	0.0153	0.0341	0.0046	9.878e-14	++-+?-++	39.3	9.881	6	0.1297	239969	865694	1105660	12	146
rs12126142	1	154452980	1:154452980:A:G	A	G	0.372	0.0632	-0.0364	0.0032	1.701e-29	-------+	47.3	13.287	7	0.06543	272481	1011910	1284390	13	220
rs1171554	1	156504327	1:156504327:A:G	A	G	0.2572	0.0495	0.0248	0.004	5.582e-10	++-++-++	0	2.836	7	0.8998	272481	1011910	1284390	14	14
rs12128543	1	169127927	1:169127927:A:G	A	G	0.4795	0.1004	-0.0281	0.0036	1.046e-14	?++----+	1.3	6.077	6	0.4146	245615	928518	1174130	15	93
rs4916254	1	172394872	1:172394872:A:G	A	G	0.625	0.1218	-0.026	0.0037	1.253e-12	--------	20	8.748	7	0.2712	272481	1011910	1284390	16	78
NA	1	175164840	1:175164840:C:CA	CA	C	0.4567	0.0884	-0.023	0.0032	1.277e-12	+-------	33.6	10.537	7	0.1601	272481	1011910	1284390	17	40
rs34428088	1	200649903	1:200649903:T:C	T	C	0.4017	0.0694	0.0269	0.0033	5.549e-16	+-++++++	0	5.585	7	0.589	272481	1011910	1284390	19	159
rs11240351	1	205075211	1:205075211:G:A	A	G	0.5453	0.1193	-0.0266	0.0034	5.156e-15	-----+-+	45.7	12.9	7	0.07459	272481	1011910	1284390	20	232
NA	1	210290525	1:210290525:G:GAA	G	GAA	0.1655	0.0784	0.0393	0.0051	8.127e-15	++++?++?	0	2.476	5	0.7801	236413	825476	1061890	21	144
rs7543616	1	218662347	1:218662347:A:G	A	G	0.6271	0.0891	-0.0241	0.0036	2.843e-11	--------	42.9	12.268	7	0.09208	272481	1011910	1284390	22	20
rs564406334	1	16025623	1:16025623:G:GT	G	GT	0.2166	0.0402	-0.0282	0.0044	2.158e-10	--+-?--+	0	2.576	6	0.8599	239969	865694	1105660	23	57
rs10495198	1	222652375	1:222652375:C:T	T	C	0.3489	0.1367	-0.0594	0.0034	6.022e-67	--------	68.9	22.518	7	0.002067	272481	1011910	1284390	24	448
NA	1	230167961	1:230167961:ACG:A	A	ACG	0.5379	0.0932	0.0282	0.0039	5.626e-13	+-++?-+?	59.2	12.243	5	0.03161	236413	825476	1061890	26	94
rs10910476	1	234599210	1:234599210:T:C	T	C	0.4768	0.0972	0.0204	0.0036	1.199e-8	+++++++-	0	4.213	7	0.7549	272481	1011910	1284390	27	10
rs7549965	1	246761494	1:246761494:G:A	A	G	0.5597	0.0335	-0.02	0.0032	4.282e-10	-------+	0	5.784	7	0.5652	272481	1011910	1284390	28	24
rs7550731	1	20065932	1:20065932:T:C	T	C	0.2955	0.0271	0.0219	0.0036	7.23e-10	++++++++	0	5.325	7	0.6204	272481	1011910	1284390	30	21
rs34468033	1	23570335	1:23570335:G:T	T	G	0.9347	0.0091	-0.0416	0.0073	1.5e-8	+-+-??-+	0	4.736	5	0.449	236583	791005	1027590	31	2
rs572162076	1	25251003	1:25251003:A:C	A	C	0.0028	4e-4	-0.3021	0.0507	2.59e-9	-+?-????	2.8	2.057	2	0.3576	180289	401188	581477	32	9
rs12027388	1	26485701	1:26485701:G:C	C	G	0.7136	0.1889	0.0275	0.0039	3.251e-12	+++++++-	44.8	12.683	7	0.08021	272481	1011910	1284390	33	73
rs12024166	1	37987358	1:37987358:T:C	T	C	0.4349	0.0756	0.0336	0.0032	1.117e-25	++++++++	30.7	10.098	7	0.1831	272481	1011910	1284390	34	121
NA	10	12243628	10:12243628:CA:C	CA	C	0.4769	0.0735	-0.027	0.0035	1.38e-14	+----+-?	60.3	15.098	6	0.01951	268925	971690	1240620	35	79
rs7904554	10	13502854	10:13502854:C:T	T	C	0.6676	0.0615	0.0198	0.0034	6.223e-9	+-+++-+-	0	4.907	7	0.6713	272481	1011910	1284390	36	9
rs4948525	10	58601510	10:58601510:A:G	A	G	0.4861	0.0819	0.0253	0.0035	2.595e-13	+--++++-	0	6.198	7	0.5168	272481	1011910	1284390	37	371
rs10821594	10	59791670	10:59791670:C:T	T	C	0.5068	0.0679	-0.0192	0.0033	5.803e-9	-+------	62.9	18.879	7	0.008575	272481	1011910	1284390	38	17
rs1227247	10	64832536	10:64832536:C:T	T	C	0.6595	0.0578	-0.0215	0.0034	3.72e-10	--------	15.2	8.253	7	0.3109	272481	1011910	1284390	39	16
rs10740439	10	74548214	10:74548214:T:C	T	C	0.6568	0.1326	0.0256	0.004	1.722e-10	?+++++++	0	5.444	6	0.4882	245615	928518	1174130	40	194
rs10762684	10	75896213	10:75896213:G:C	C	G	0.5253	0.076	-0.0203	0.0035	9.894e-9	--+--+--	4.4	7.322	7	0.3962	272481	1011910	1284390	41	16
rs10824607	10	78408998	10:78408998:G:A	A	G	0.7817	0.0614	0.0225	0.0037	1.026e-9	-++++-++	26.3	9.495	7	0.219	272481	1011910	1284390	42	9
rs4303181	10	80523499	10:80523499:T:C	T	C	0.2051	0.0396	-0.0394	0.0046	8.63e-18	----+---	48.8	13.667	7	0.05743	272481	1011910	1284390	43	52
rs1412445	10	89243047	10:89243047:T:C	T	C	0.3482	0.0538	0.0533	0.0034	3.995e-55	++++++++	42.6	12.188	7	0.09453	272481	1011910	1284390	44	53
rs7919320	10	94251224	10:94251224:A:C	A	C	0.2852	0.0222	0.0201	0.0035	1.003e-8	++++++++	2.4	7.173	7	0.4111	272481	1011910	1284390	45	8
rs1983864	10	98257696	10:98257696:G:T	T	G	0.6399	0.0834	0.0303	0.0036	1.706e-17	++-++-+-	58.3	16.796	7	0.01876	272481	1011910	1284390	46	81
rs1277844	10	18346127	10:18346127:T:G	T	G	0.5387	0.1116	0.0256	0.0037	3.781e-12	++++++++	0	5.931	7	0.5478	272481	1011910	1284390	47	47
rs603424	10	100315722	10:100315722:A:G	A	G	0.2501	0.1734	0.0354	0.0048	1.897e-13	++-+++++	19.1	8.654	7	0.2784	272481	1011910	1284390	48	7
rs11191447	10	102892566	10:102892566:T:C	T	C	0.1348	0.0727	-0.0715	0.0055	2.971e-39	--------	51.2	14.355	7	0.04521	272481	1011910	1284390	49	588
rs7903146	10	112998590	10:112998590:T:C	T	C	0.2674	0.0565	0.0304	0.0041	1.559e-13	+++++-+-	33.5	10.521	7	0.1609	272481	1011910	1284390	50	29
rs2218584	10	116649131	10:116649131:T:C	T	C	0.5483	0.0991	0.0214	0.0034	3.977e-10	++++++++	0	5.164	7	0.64	272481	1011910	1284390	51	13
rs72631113	10	122453933	10:122453933:T:C	T	C	0.3994	0.0765	-0.0287	0.0036	1.141e-15	--------	0	3.528	7	0.8323	272481	1011910	1284390	52	190
rs7082934	10	21592450	10:21592450:G:T	T	G	0.5122	0.073	-0.0232	0.0037	2.206e-10	----?+--	7.5	6.486	6	0.371	239969	865694	1105660	54	7
rs10828346	10	22840263	10:22840263:C:T	T	C	0.6548	0.0647	0.0213	0.0036	4.775e-9	++++++++	0	5.185	7	0.6374	272481	1011910	1284390	55	3
rs7077962	10	24765745	10:24765745:C:T	T	C	0.683	0.0744	0.026	0.0043	1.18e-9	++-+++++	29.3	9.905	7	0.194	272481	1011910	1284390	56	3
rs9337951	10	30028144	10:30028144:A:G	A	G	0.3258	0.0531	0.0388	0.004	1.1519999999999998e-22	++-+?-++	35.9	9.356	6	0.1545	239969	865694	1105660	57	88
rs2208174	10	33222551	10:33222551:T:C	T	C	0.3233	0.1086	0.0172	0.0031	3.773e-8	+-+++-+-	29	9.86	7	0.1967	272481	1011910	1284390	58	6
rs10793513	10	43999098	10:43999098:A:G	A	G	0.6383	0.0904	0.0585	0.0034	1.2720000000000001e-64	+++++-+?	68.8	19.24	6	0.003777	268925	971690	1240620	59	883
rs111876722	11	201922	11:201922:C:T	T	C	0.9186	0.0416	-0.0676	0.0087	6.761e-15	+-------	67.8	21.725	7	0.002833	272481	1011910	1284390	61	21
NA	11	1443673	11:1443673:C:CG	CG	C	0.2791	0.1572	0.0243	0.0043	1.389e-8	+++++-+-	5.2	7.386	7	0.3898	272481	1011910	1284390	62	4
rs4237643	11	43626818	11:43626818:G:T	T	G	0.311	0.0571	0.0274	0.0038	7.212e-13	+++++++?	38.1	9.689	6	0.1384	268925	971690	1240620	63	262
rs1910365	11	48075599	11:48075599:T:G	T	G	0.0993	0.0724	0.053900000000000003	0.0072	6.094e-14	++-++-++	0	6.393	7	0.4947	272481	1011910	1284390	64	17
rs624759	11	57874654	11:57874654:C:T	T	C	0.3555	0.1718	0.0197	0.0033	3.622e-9	++-+++++	0	4.113	7	0.7667	272481	1011910	1284390	65	51
NA	11	64107535	11:64107535:ATAC:A	A	ATAC	0.7883	0.0556	0.0225	0.004	2.218e-8	++-+++++	0	5.664	7	0.5795	272481	1011910	1284390	66	3
rs642803	11	65793149	11:65793149:T:C	T	C	0.4366	0.0428	-0.0286	0.0031	3.01e-20	--+----?	36.7	9.486	6	0.1481	268925	971690	1240620	67	206
rs12223292	11	72776214	11:72776214:A:G	A	G	0.2234	0.0452	-0.0247	0.004	9.285e-10	-------+	22.9	9.081	7	0.2469	272481	1011910	1284390	68	9
rs606452	11	75565133	11:75565133:C:A	A	C	0.2606	0.1336	-0.0486	0.0042	2.6999999999999997e-31	-------?	42.2	10.378	6	0.1096	268925	971690	1240620	69	31
rs57149581	11	83344060	11:83344060:G:C	C	G	0.3592	0.0951	0.019	0.0032	3.384e-9	++-+++++	8.4	7.644	7	0.365	272481	1011910	1284390	70	8
NA	11	85079022	11:85079022:A:AG	A	AG	0.3516	0.0272	-0.0243	0.004	1.934e-9	-+--?--?	59	12.205	5	0.03209	236413	825476	1061890	71	9
rs17305868	11	5680653	11:5680653:G:A	A	G	0.5007	0.0496	0.0192	0.0033	7.454e-9	++-+++++	0	4.876	7	0.6751	272481	1011910	1284390	73	3
rs1216743	11	100702389	11:100702389:A:G	A	G	0.6633	0.1049	0.0287	0.0038	2.384e-14	+++++++-	0	4.298	7	0.7449	272481	1011910	1284390	74	58
rs2019090	11	103798234	11:103798234:T:A	A	T	0.3586	0.1271	0.0585	0.0037	3.3269999999999996e-56	++++++++	74	26.877	7	3.507e-4	272481	1011910	1284390	75	507
rs1490938	11	107208272	11:107208272:T:C	T	C	0.4564	0.0778	0.0211	0.0033	9.642e-11	++++++++	0	2.272	7	0.9433	272481	1011910	1284390	77	25
rs1443120	11	110373504	11:110373504:G:C	C	G	0.8134	0.1143	-0.0416	0.0043	1.37e-22	-----+--	58.9	17.03	7	0.0172	272481	1011910	1284390	78	91
rs4616071	11	111570140	11:111570140:G:C	C	G	0.7502	0.0463	-0.0232	0.0039	2.458e-9	-++-----	71.3	24.41	7	9.648e-4	272481	1011910	1284390	79	41
NA	11	116752497	11:116752497:T:TA	T	TA	0.7498	0.13	-0.0555	0.004	1.282e-44	--------	82.9	40.93	7	8.35e-7	272481	1011910	1284390	80	647
rs2305013	11	120469351	11:120469351:T:A	A	T	0.9199	0.0367	-0.0394	0.0066	1.762e-9	--------	48.7	13.657	7	0.05763	272481	1011910	1284390	81	3
rs12574322	11	122650397	11:122650397:T:C	T	C	0.1285	0.0206	0.0376	0.0047	1.577e-15	+++++++-	4.7	7.349	7	0.3935	272481	1011910	1284390	82	113
rs12284180	11	126395606	11:126395606:C:A	A	C	0.7884	0.0372	0.0301	0.0042	1.104e-12	-+-++-++	18.2	8.553	7	0.2864	272481	1011910	1284390	83	42
rs78406497	11	8804524	11:8804524:A:G	A	G	0.1232	0.0951	0.0473	0.0058	2.68e-16	++++++++	14.9	8.221	7	0.3135	272481	1011910	1284390	84	332
rs10750401	11	128589734	11:128589734:G:A	A	G	0.43	0.0895	-0.0203	0.0034	1.878e-9	--+-----	0	4.282	7	0.7468	272481	1011910	1284390	85	20
rs72632959	11	11748807	11:11748807:C:T	T	C	0.6884	0.1612	0.0242	0.0042	1.167e-8	++-+++++	0	4.598	7	0.7089	272481	1011910	1284390	86	3
rs12361893	11	13279567	11:13279567:G:C	C	G	0.3629	0.1002	-0.0247	0.0036	9.017e-12	--------	0	3.567	7	0.8281	272481	1011910	1284390	87	106
rs6486406	11	18084324	11:18084324:T:C	T	C	0.3584	0.0988	0.0224	0.0037	1.777e-9	++-+++++	0	1.505	7	0.9822	272481	1011910	1284390	89	9
rs6265	11	27658369	11:27658369:T:C	T	C	0.2256	0.0993	-0.0258	0.0041	2.928e-10	-------+	43.3	12.341	7	0.08989	272481	1011910	1284390	90	42
rs7118294	11	32358975	11:32358975:C:T	T	C	0.464	0.0911	-0.0295	0.0036	1.528e-16	--------	0	4.039	7	0.7752	272481	1011910	1284390	91	28
rs2283301	12	2337640	12:2337640:G:A	A	G	0.4353	0.0556	-0.0216	0.0032	1.389e-11	?----+-+	47.1	11.349	6	0.07816	245615	928518	1174130	92	30
rs35104374	12	6630331	12:6630331:C:T	T	C	0.2914	0.0979	0.0292	0.0047	4.321e-10	++-++-++	0	4.782	7	0.6865	272481	1011910	1284390	93	4
rs1912793	12	51417283	12:51417283:T:C	T	C	0.4129	0.0849	-0.0206	0.0035	2.911e-9	--------	0	5.864	7	0.5557	272481	1011910	1284390	94	8
rs1133773	12	54102435	12:54102435:G:A	A	G	0.7166	0.1311	-0.042	0.004	1.2460000000000001e-25	--------	60.9	17.921	7	0.01233	272481	1011910	1284390	95	71
rs11172113	12	57133500	12:57133500:C:T	T	C	0.6111	0.0618	-0.0289	0.0033	4.197e-18	--+--+--	55.6	15.749	7	0.02752	272481	1011910	1284390	96	130
rs4882465	12	83687253	12:83687253:T:C	T	C	0.4986	0.0994	0.0245	0.0039	2.789e-10	++++++++	0	4.866	7	0.6763	272481	1011910	1284390	98	43
rs11105376	12	89694991	12:89694991:A:G	A	G	0.218	0.0987	0.0585	0.0051	3.4959999999999995e-30	++++++?+	0	5.682	6	0.4597	220892	668829	889721	99	162
rs4762479	12	95101265	12:95101265:T:C	T	C	0.117	0.0701	-0.073	0.0057	3.312e-38	--------	19.8	8.732	7	0.2725	272481	1011910	1284390	100	325
rs10745954	12	103089316	12:103089316:G:A	A	G	0.4489	0.0991	-0.0251	0.0032	7.479e-15	-------?	0	2.386	6	0.881	268925	971690	1240620	101	36
rs671	12	111803962	12:111803962:A:G	A	G	0.2395	0.0247	0.1842	0.0106	3.9579999999999996e-67	+-+?++-+	80.8	31.253	6	2.268e-5	129249	731188	860437	102	1021
rs12099598	12	117237892	12:117237892:T:C	T	C	0.2512	0.1035	0.0243	0.0042	6.145e-9	+--+++++	0	5.095	7	0.6484	272481	1011910	1284390	103	6
rs12297409	12	8693558	12:8693558:C:A	A	C	0.741	0.0185	0.0226	0.0038	1.795e-9	?+++??+-	25.2	5.346	4	0.2536	209717	707615	917332	104	31
rs2243458	12	120986687	12:120986687:T:C	T	C	0.3469	0.0503	0.0301	0.0035	6.445e-18	?+++++++	60.9	15.335	6	0.0178	245615	928518	1174130	105	102
rs7485656	12	124831101	12:124831101:G:A	A	G	0.7868	0.1236	-0.0576	0.0047	6.32e-35	----?+--	67.8	18.627	6	0.004843	239969	865694	1105660	106	242
rs36174733	12	133204577	12:133204577:G:A	A	G	0.8358	0.0291	0.0291	0.0045	1.092e-10	+++++++-	0	6.438	7	0.4896	272481	1011910	1284390	107	5
rs138046359	12	10718301	12:10718301:A:AC	A	AC	0.5137	0.096	0.0234	0.0037	3.157e-10	+++++++-	52.5	14.726	7	0.03968	272481	1011910	1284390	108	2
rs11055888	12	14265892	12:14265892:G:A	A	G	0.8104	0.0269	0.0287	0.0044	7.625e-11	++++?-++	0	3.949	6	0.6835	239969	865694	1105660	109	14
rs2417817	12	20038727	12:20038727:G:A	A	G	0.3213	0.0943	-0.0315	0.0036	1.339e-18	?-+-----	43.2	10.56	6	0.103	245615	928518	1174130	110	188
rs4149056	12	21178615	12:21178615:C:T	T	C	0.8368	0.0342	0.0312	0.0053	4.135e-9	+--+++++	26.6	9.542	7	0.2161	272481	1011910	1284390	111	20
NA	12	24033810	12:24033810:A:G	A	G	4e-4	0	2.8013	0.4723	3.015e-9	???????+	0	0	0	1	3556	40218	43774	112	6
rs7310240	12	31610705	12:31610705:A:G	A	G	0.4896	0.0619	0.023	0.0035	5.017e-11	++-+++++	0	5.606	7	0.5865	272481	1011910	1284390	113	85
rs1489110	12	48318084	12:48318084:G:T	T	G	0.4275	0.143	0.0298	0.0037	6.092e-16	++-++-+-	46.7	13.134	7	0.06892	272481	1011910	1284390	114	253
rs3751395	13	28384818	13:28384818:A:C	A	C	0.4837	0.0911	-0.0299	0.003	6.985e-23	-------+	78.4	32.346	7	3.503e-5	272481	1011910	1284390	115	132
rs113932530	13	41415901	13:41415901:T:G	T	G	0.0679	0.0164	-0.0396	0.0067	2.801e-9	----+--?	0	4.482	6	0.6118	268925	971690	1240620	116	10
rs9569808	13	58057391	13:58057391:G:A	A	G	0.734	0.0916	0.022	0.004	4.242e-8	++++++++	40.6	11.775	7	0.1082	272481	1011910	1284390	117	2
rs7330487	13	59444634	13:59444634:T:C	T	C	0.3264	0.0674	0.0232	0.0037	2.676e-10	+++++-++	0	4.288	7	0.7461	272481	1011910	1284390	118	104
rs9515203	13	110397276	13:110397276:C:T	T	C	0.7469	0.0341	0.071	0.0037	3.009e-82	++++++++	0	4.803	7	0.684	272481	1011910	1284390	119	332
rs3742241	13	112977963	13:112977963:G:A	A	G	0.7425	0.0367	-0.0301	0.0037	8.367e-16	--------	0	5.378	7	0.614	272481	1011910	1284390	120	70
rs17880989	14	22844424	14:22844424:A:G	A	G	0.0228	0.0035	-0.0909	0.0129	1.57e-12	++--??--	0	2.536	5	0.7711	236583	791005	1027590	121	4
rs72681869	14	50188639	14:50188639:C:G	C	G	0.0075	0.0018	-0.1392	0.0213	6.289e-11	+-?-??-?	0	1.727	3	0.631	231878	744267	976145	122	6
rs4900574	14	103412687	14:103412687:A:G	A	G	0.6426	0.0385	-0.0321	0.0035	9.99e-20	-----+--	21.6	8.928	7	0.2578	272481	1011910	1284390	123	282
rs4143897	14	58439688	14:58439688:A:G	A	G	0.2808	0.041	-0.0258	0.0039	5.108e-11	-++--+--	18.3	8.564	7	0.2855	272481	1011910	1284390	125	71
rs10135971	14	69050777	14:69050777:A:G	A	G	0.3573	0.1372	0.0246	0.0036	6.926e-12	++++++++	0	3.104	7	0.8752	272481	1011910	1284390	127	141
rs11626062	14	75669986	14:75669986:C:T	T	C	0.3764	0.0965	0.0241	0.0037	1.016e-10	?++++-++	0	5.483	6	0.4835	245615	928518	1174130	129	47
rs28929474	14	94378610	14:94378610:T:C	T	C	0.0182	0.0027	-0.1035	0.0138	7.331e-14	--?-??-+	55.5	8.991	4	0.06132	235434	784485	1019920	130	2
rs12893887	14	99645228	14:99645228:A:G	A	G	0.2119	0.0838	-0.0554	0.0043	9.102e-38	--------	54.4	15.356	7	0.0317	272481	1011910	1284390	131	130
rs2925345	15	41019601	15:41019601:C:T	T	C	0.4581	0.1139	0.0261	0.0036	3.448e-13	+++++++-	0	2.932	7	0.8912	272481	1011910	1284390	132	187
rs17703883	15	51237900	15:51237900:C:T	T	C	0.7478	0.0345	-0.03	0.004	1.2e-13	+----+--	1.4	7.098	7	0.4187	272481	1011910	1284390	133	17
rs2083458	15	89031187	15:89031187:C:T	T	C	0.7312	0.1781	0.0687	0.0052	1.346e-40	?+++++++	81.3	32.169	6	1.514e-5	245615	928518	1174130	134	389
rs114171089	15	95497344	15:95497344:C:T	T	C	0.9553	0.0113	0.0622	0.0089	3.247e-12	++++??++	60.2	12.572	5	0.02774	236583	791005	1027590	135	20
NA	15	98110211	15:98110211:C:T	T	C	0.9998	0	-3.7948	0.5801	6.09e-11	???????-	0	0	0	1	3556	40218	43774	136	3
rs8036083	15	101227617	15:101227617:G:T	T	G	0.6236	0.1149	-0.0221	0.0035	3.676e-10	+-+-----	44.4	12.596	7	0.08259	272481	1011910	1284390	137	11
rs9920158	15	55938300	15:55938300:A:G	A	G	0.3144	0.026	-0.0263	0.0036	1.644e-13	--------	1.9	7.134	7	0.4151	272481	1011910	1284390	138	94
rs56142310	15	58282759	15:58282759:C:T	T	C	0.8749	0.0104	0.0361	0.0057	2.183e-10	++++?-??	48.1	7.702	4	0.1031	184824	482397	667221	139	12
rs17293632	15	67150258	15:67150258:T:C	T	C	0.227	0.0503	-0.0517	0.0041	2.0909999999999996e-36	--------	13.2	8.063	7	0.3271	272481	1011910	1284390	140	162
rs75051293	15	73990492	15:73990492:GC:G	G	GC	0.6425	0.0488	-0.0266	0.0033	5.841e-16	--+-----	28.2	9.745	7	0.2035	272481	1011910	1284390	141	55
rs7495616	15	78762558	15:78762558:G:C	C	G	0.2932	0.053	0.0569	0.0035	1.236e-60	++++++++	75.6	28.632	7	1.688e-4	272481	1011910	1284390	142	1056
rs2759308	15	80723886	15:80723886:A:G	A	G	0.4075	0.1135	0.0217	0.0039	2.13e-8	++-+-+++	72.4	25.38	7	6.497e-4	272481	1011910	1284390	143	2
rs72751661	15	82592763	15:82592763:A:G	A	G	0.0572	0.0115	0.044	0.0079	2.839e-8	++-+??+-	0	0.613	5	0.98740000000000006	236583	791005	1027590	144	2
rs62022865	15	85626493	15:85626493:C:A	A	C	0.8793	0.0205	-0.0387	0.006	1.521e-10	-+--??--	0	4.339	5	0.5017	236583	791005	1027590	145	60
rs34885706	16	1199629	16:1199629:T:C	T	C	0.2873	0.0569	0.0253	0.0043	4.069e-9	++-++?+-	0	2.833	6	0.8295	269095	937219	1206310	146	3
rs4786557	16	4908445	16:4908445:A:T	A	T	0.5933	0.028	0.0215	0.0038	2.071e-8	++++?++?	0	1.738	5	0.8841	236413	825476	1061890	147	2
rs8046696	16	75408245	16:75408245:G:T	T	G	0.4663	0.0639	-0.0454	0.0033	5.883999999999999e-44	--------	47.8	13.42	7	0.06252	272481	1011910	1284390	148	690
rs7500448	16	83012185	16:83012185:G:A	A	G	0.7663	0.0366	0.0483	0.0041	1.0829999999999999e-31	++++++++	52.6	14.763	7	0.03916	272481	1011910	1284390	150	242
rs526882	16	86679425	16:86679425:C:A	A	C	0.6348	0.0688	-0.0344	0.0032	1.1590000000000001e-26	--------	50.6	14.174	7	0.04818	272481	1011910	1284390	151	81
rs35613341	16	88468999	16:88468999:G:C	C	G	0.6481	0.0911	0.0236	0.0034	2.663e-12	++++++++	0	4.192	7	0.7575	272481	1011910	1284390	152	52
NA	16	9861426	16:9861426:G:A	A	G	0.9998	0	-3.1872	0.5709	2.374e-8	???????-	0	0	0	1	3556	40218	43774	153	2
rs216160	16	15825103	16:15825103:G:A	A	G	0.603	0.0829	0.0278	0.0035	1.703e-15	+++++-++	0	4.004	7	0.7794	272481	1011910	1284390	154	135
rs9926773	16	21076702	16:21076702:C:A	A	C	0.7081	0.0401	0.0206	0.0035	2.71e-9	++++++++	51.3	14.363	7	0.04509	272481	1011910	1284390	155	17
rs9928572	16	30732201	16:30732201:T:C	T	C	0.6851	0.1546	0.025	0.0042	1.714e-9	++-+?-++	0	2.804	6	0.833	239969	865694	1105660	156	22
rs1421085	16	53767042	16:53767042:C:T	T	C	0.624	0.0822	-0.0353	0.0033	2.2080000000000003e-26	--------	50.6	14.175	7	0.04815	272481	1011910	1284390	157	129
rs56156922	16	56953457	16:56953457:C:T	T	C	0.7103	0.0487	0.0227	0.0035	1.225e-10	++-++-++	63.5	19.204	7	0.007571	272481	1011910	1284390	158	18
NA	16	58681433	16:58681433:G:GT	G	GT	0.2572	0.0565	-0.0231	0.0041	2.4e-8	-----+--	0	3.306	7	0.8553	272481	1011910	1284390	159	3
rs77870048	16	69931118	16:69931118:T:C	T	C	0.047	0.0086	-0.0934	0.0087	6.014e-27	-+--??--	0	4.852	5	0.4342	236583	791005	1027590	160	339
NA	17	1049103	17:1049103:A:G	A	G	0.378	0.1234	0.0192	0.0034	2.224e-8	-+-++-++	64.3	19.61	7	0.006477	272481	1011910	1284390	161	2
rs8072532	17	2141979	17:2141979:A:G	A	G	0.6502	0.1298	0.0434	0.0037	3.841e-31	++-++-++	25.1	9.343	7	0.2289	272481	1011910	1284390	162	422
rs4794213	17	51231346	17:51231346:T:C	T	C	0.4071	0.0952	-0.0264	0.0035	4.475e-14	--+----+	36.6	11.049	7	0.1365	272481	1011910	1284390	163	45
rs12940987	17	61191896	17:61191896:A:G	A	G	0.7484	0.05	-0.0292	0.0037	3.449e-15	-+-----?	44.3	10.778	6	0.0955	268925	971690	1240620	164	252
rs11079536	17	64315043	17:64315043:T:G	T	G	0.5391	0.0962	0.038	0.0035	2.875e-27	-++++++-	65	20.029	7	0.005508	272481	1011910	1284390	165	84
rs2009065	17	68852796	17:68852796:C:A	A	C	0.6209	0.0598	-0.0224	0.004	1.725e-8	++------	59.4	17.253	7	0.01584	272481	1011910	1284390	166	8
rs7342	17	75776775	17:75776775:C:G	C	G	0.2507	0.1708	-0.0322	0.004	3.929e-16	--------	15.7	8.308	7	0.30620000000000003	272481	1011910	1284390	167	148
rs7220532	17	78812691	17:78812691:C:T	T	C	0.4791	0.0492	0.0217	0.0037	3.022e-9	++++?++?	0	0.869	5	0.9725	236413	825476	1061890	168	7
rs112735431	17	80385145	17:80385145:A:G	A	G	0.0097	0.0013	0.4692	0.0548	1.158e-17	????+??+	0	0.38	1	0.5376	36068	186432	222500	169	7
rs55714927	17	7176997	17:7176997:T:C	T	C	0.213	0.0554	-0.0278	0.0042	4.306e-11	--+-----	0	5.875	7	0.5544	272481	1011910	1284390	170	79
rs62062052	17	11996660	17:11996660:C:T	T	C	0.4933	0.1009	0.023	0.0035	9.018e-11	++-++++-	3.1	7.226	7	0.4057	272481	1011910	1284390	171	16
rs57728924	17	17972028	17:17972028:G:A	A	G	0.6065	0.1031	-0.0264	0.0035	7.384e-14	----?---	0	1.709	6	0.9444	239969	865694	1105660	173	333
rs13723	17	29614868	17:29614868:G:A	A	G	0.5201	0.101	-0.0247	0.0035	2.602e-12	--------	31.1	10.162	7	0.1796	272481	1011910	1284390	174	323
rs34432983	17	39396915	17:39396915:C:T	T	C	0.6832	0.155	-0.0318	0.0043	1.616e-13	-----+?-	43.1	10.541	6	0.1036	220892	668829	889721	175	369
NA	17	42112516	17:42112516:T:TG	T	TG	0.3565	0.1556	0.0315	0.0044	8.476e-13	+++++-??	45.8	9.229	5	0.1003	217336	628611	845947	176	258
rs201992274	17	49034756	17:49034756:A:C	A	C	0.3043	0.0309	-0.0418	0.0044	1.212e-21	-++-?-??	72.3	14.441	4	0.006012	184824	482397	667221	177	4689
rs2027675	18	161922	18:161922:G:A	A	G	0.7492	0.0339	0.0237	0.0039	1.87e-9	-+++++++	0	4.992	7	0.6609	272481	1011910	1284390	178	28
rs948386	18	22418847	18:22418847:C:G	C	G	0.5894	0.047	0.0292	0.0034	3.215e-18	++++++++	32.8	10.42	7	0.166	272481	1011910	1284390	180	126
rs2953420	18	38984225	18:38984225:G:A	A	G	0.1464	0.0596	-0.0285	0.0051	1.977e-8	--------	49.2	13.78	7	0.05524	272481	1011910	1284390	182	7
rs7229491	18	48990054	18:48990054:C:G	C	G	0.638	0.0803	0.0329	0.0034	8.103999999999999e-22	++++++++	0	6.247	7	0.5113	272481	1011910	1284390	183	97
rs12967878	18	60159337	18:60159337:C:T	T	C	0.788	0.0332	-0.026	0.0038	1.038e-11	--------	0	4.195	7	0.7571	272481	1011910	1284390	185	114
rs740404	19	2232050	19:2232050:A:G	A	G	0.1324	0.032	0.0427	0.0054	2.525e-15	++-+++++	0	5.299	7	0.6235	272481	1011910	1284390	187	45
rs12185519	19	4967728	19:4967728:T:C	T	C	0.1731	0.0439	0.0341	0.0052	4.218e-11	++-+++++	24.2	9.232	7	0.2365	272481	1011910	1284390	188	5
rs7412	19	44908822	19:44908822:T:C	T	C	0.0759	0.0163	-0.1082	0.0064	1.024e-64	--------	83.9	43.538	7	2.625e-7	272481	1011910	1284390	190	255
NA	19	49895324	19:49895324:TG:T	T	TG	0.5446	0.0717	0.0181	0.0032	2.412e-8	+-+++-++	0	5.033	7	0.6559	272481	1011910	1284390	191	4
rs116843064	19	8364439	19:8364439:A:G	A	G	0.0233	0.0038	-0.1453	0.014	2.269e-25	--+-??-+	59.8	12.437	5	0.02927	236583	791005	1027590	192	11
rs114846969	19	11080521	19:11080521:A:G	A	G	0.1154	0.0106	-0.0915	0.0051	1.4779999999999999e-71	----??--	65.4	14.43	5	0.01309	236583	791005	1027590	193	604
rs11670056	19	18479133	19:18479133:T:C	T	C	0.0766	0.018	0.0679	0.0065	3.025e-25	++++??++	4	5.208	5	0.3911	236583	791005	1027590	194	242
rs6511291	19	21767600	19:21767600:C:T	T	C	0.454	0.062	-0.0227	0.0035	8.427e-11	--------	39	11.474	7	0.1192	272481	1011910	1284390	195	18
rs12975976	19	29766252	19:29766252:G:A	A	G	0.6892	0.0408	0.0243	0.0037	7.517e-11	++++++++	23.1	9.107	7	0.245	272481	1011910	1284390	196	53
rs4805881	19	33405526	19:33405526:C:A	A	C	0.3719	0.0661	0.0186	0.0032	9.239e-9	?+-++++-	0	2.827	6	0.8302	245615	928518	1174130	197	3
NA	19	37694975	19:37694975:G:GAA	G	GAA	0.5221	0.1278	0.0219	0.0037	2.148e-9	+++++-++	18.8	8.619	7	0.2812	272481	1011910	1284390	198	23
rs2241717	19	41348147	19:41348147:A:C	A	C	0.571	0.0742	-0.0355	0.0032	6.073e-28	-----+--	45.3	12.808	7	0.07692	272481	1011910	1284390	199	236
rs7580141	2	248037	2:248037:G:A	A	G	0.3473	0.1363	0.0239	0.0039	6.098e-10	+-++++++	0	2.805	7	0.9024	272481	1011910	1284390	200	235
rs12612428	2	58601296	2:58601296:C:T	T	C	0.8596	0.0189	-0.0303	0.0049	7.821e-10	+----+-+	49.9	13.968	7	0.05174	272481	1011910	1284390	202	7
NA	2	60350483	2:60350483:G:A	A	G	0.9999	0	-4.2203	0.7398	1.164e-8	???????-	0	0	0	1	3556	40218	43774	203	5
rs1906198	2	62719523	2:62719523:G:A	A	G	0.6904	0.0398	0.0282	0.0035	9.452e-16	++++++++	15.3	8.266	7	0.3097	272481	1011910	1284390	204	217
rs2300485	2	66563182	2:66563182:G:A	A	G	0.7502	0.038	0.023	0.0039	3.262e-9	+++++-++	0	3.934	7	0.7874	272481	1011910	1284390	206	3
NA	2	69406431	2:69406431:GA:G	G	GA	0.4326	0.0733	0.0215	0.0035	1.024e-9	+++++-+?	48.6	11.674	6	0.06966	268925	971690	1240620	207	140
rs2692741	2	75958166	2:75958166:C:G	C	G	0.4326	0.1082	0.0186	0.0033	1.792e-8	+-+++-++	0	6.501	7	0.4826	272481	1011910	1284390	209	2
rs7568458	2	85561052	2:85561052:A:T	A	T	0.4578	0.0718	0.0498	0.0033	6.838999999999999e-51	+++++-++	56.1	15.934	7	0.02572	272481	1011910	1284390	210	282
rs72821058	2	101027044	2:101027044:A:G	A	G	0.1342	0.0216	-0.0299	0.0051	5.031e-9	-++-??--	0	3.651	5	0.6006	236583	791005	1027590	211	37
rs35472763	2	9159818	2:9159818:A:G	A	G	0.3594	0.0704	0.0234	0.0035	1.872e-11	++-++-++	0	5.286	7	0.6251	272481	1011910	1284390	212	81
rs72848835	2	127844943	2:127844943:T:C	T	C	0.0809	0.0147	-0.0417	0.007	2.368e-9	----??--	37.5	8.004	5	0.156	236583	791005	1027590	214	6
rs4954522	2	137588180	2:137588180:G:A	A	G	0.5782	0.0333	-0.0179	0.0031	9.696e-9	?----+-+	0	3.421	6	0.7544	245615	928518	1174130	215	6
rs957293	2	145075620	2:145075620:G:A	A	G	0.7142	0.048	-0.04	0.0038	1.314e-25	--+-----	0	4.896	7	0.6727	272481	1011910	1284390	216	268
rs7570759	2	152729610	2:152729610:A:G	A	G	0.8003	0.0525	0.0236	0.0041	6.236e-9	++++++++	0	3.739	7	0.8093	272481	1011910	1284390	217	11
rs35667974	2	162268127	2:162268127:C:T	T	C	0.9815	0.0026	0.0938	0.0139	1.619e-11	-+?+??++	20.2	5.014	4	0.2859	235434	784485	1019920	218	8
rs13005313	2	164046633	2:164046633:T:C	T	C	0.2397	0.057	-0.0301	0.0036	9.227e-17	+-------	77.4	30.931	7	6.403e-5	272481	1011910	1284390	219	127
rs6433298	2	171519752	2:171519752:C:A	A	C	0.6926	0.0594	0.0224	0.0039	6.361e-9	+++++++-	0	6.662	7	0.4649	272481	1011910	1284390	220	5
rs6740889	2	182448480	2:182448480:G:T	T	G	0.5379	0.0799	-0.0241	0.0036	1.42e-11	-+---+--	5.2	7.382	7	0.3902	272481	1011910	1284390	221	22
rs17705966	2	187300439	2:187300439:G:A	A	G	0.792	0.0315	0.0264	0.0045	3.295e-9	-+-+??++	0	2.176	5	0.8243	236583	791005	1027590	222	24
rs779370	2	12926936	2:12926936:G:C	C	G	0.5089	0.0774	0.023	0.0035	4.023e-11	?+-++-++	0	4.832	6	0.5655	245615	928518	1174130	223	69
NA	2	193018272	2:193018272:CA:C	CA	C	0.4888	0.0652	0.0252	0.0043	3.822e-9	++-+?+??	51.3	8.207	4	0.08429	184824	482397	667221	224	13
rs148513392	2	202879887	2:202879887:A:G	A	G	0.1119	0.0194	0.0803	0.0056	7.555999999999999e-47	++-+++++	17	8.43	7	0.2962	272481	1011910	1284390	225	580
rs13431425	2	211406451	2:211406451:A:C	A	C	0.3229	0.0755	0.0227	0.0036	2.473e-10	++-++-++	36.4	11.015	7	0.138	272481	1011910	1284390	226	13
rs1250258	2	215435462	2:215435462:T:C	T	C	0.7603	0.0533	-0.0324	0.0041	1.618e-15	--+--+--	0	6.335	7	0.5012	272481	1011910	1284390	227	33
rs2552527	2	217823873	2:217823873:G:T	T	G	0.5879	0.0772	0.0313	0.0034	1.1770000000000002e-20	++++++++	0	3.78	7	0.8048	272481	1011910	1284390	228	64
rs2203452	2	226230042	2:226230042:G:A	A	G	0.3444	0.0638	-0.0297	0.0036	2.769e-16	----+---	0	6.763	7	0.454	272481	1011910	1284390	229	169
rs7589397	2	229143808	2:229143808:G:A	A	G	0.5872	0.0443	0.0301	0.0033	6.19e-20	-+-+++++	45.4	12.82	7	0.07663	272481	1011910	1284390	230	96
rs13003675	2	232719399	2:232719399:T:C	T	C	0.3104	0.0576	0.0369	0.0039	2.097e-21	++-++-++	35.9	10.921	7	0.1421	272481	1011910	1284390	231	187
rs565859810	2	21212421	2:21212421:T:A	A	T	0.9628	0	-0.3677	0.0284	2.858e-38	????-???	0	0	0	1	32512	146214	178726	232	433
rs769274501	2	25248300	2:25248300:G:GC	G	GC	0.0902	0.0226	0.0368	0.0064	9.014e-9	++-+++++	0	2.303	7	0.9412	272481	1011910	1284390	233	6
rs3088281	2	28643166	2:28643166:C:A	A	C	0.694	0.0264	0.0199	0.0036	2.452e-8	+-++++++	59.9	17.474	7	0.01458	272481	1011910	1284390	234	3
rs4299376	2	43845437	2:43845437:T:G	T	G	0.7125	0.0605	-0.0437	0.0042	2.024e-25	--+--?-?	26.8	6.83	5	0.2336	265539	897001	1162540	235	47
rs687914	2	45651621	2:45651621:T:G	T	G	0.2172	0.0574	0.0417	0.0045	4.7660000000000004e-20	++++++++	0	5.778	7	0.5659	272481	1011910	1284390	236	41
rs1715384	20	4904332	20:4904332:A:T	A	T	0.5079	0.0752	-0.0271	0.0037	2.106e-13	-++-----	34.7	10.719	7	0.1513	272481	1011910	1284390	238	20
rs2050405	20	16621895	20:16621895:G:A	A	G	0.2123	0.0405	-0.0238	0.0041	8.471e-9	--------	0	2.2	7	0.9479	272481	1011910	1284390	239	10
rs379042	20	64164202	20:64164202:A:G	A	G	0.2908	0.065	0.0314	0.0036	5.687e-18	++-+++++	0	6.293	7	0.506	272481	1011910	1284390	240	191
rs62204643	20	31603992	20:31603992:G:A	A	G	0.8832	0.0174	-0.0353	0.0061	7.735e-9	--+-+?--	18.1	7.324	6	0.2919	269095	937219	1206310	241	12
rs67159833	20	34900276	20:34900276:C:T	T	C	0.6566	0.0618	-0.0339	0.0036	1.364e-21	?+------	71.4	21.001	6	0.001834	245615	928518	1174130	242	565
rs1006945	20	38829366	20:38829366:T:G	T	G	0.5346	0.0273	-0.0257	0.0035	3.614e-13	--+--+--	17.2	8.454	7	0.2943	272481	1011910	1284390	243	123
rs117113213	20	40537052	20:40537052:A:G	A	G	0.0442	0.0175	0.0754	0.0099	2.908e-14	++?+??++	0	1.149	4	0.8864	235434	784485	1019920	244	68
NA	20	45927136	20:45927136:G:GC	G	GC	0.15	0.0247	0.0414	0.0045	2.5870000000000002e-20	++++++++	6.6	7.494	7	0.3793	272481	1011910	1284390	245	27
rs73260214	20	48794296	20:48794296:G:T	T	G	0.8709	0.0281	0.0331	0.0051	9.226e-11	++-+++++	26.5	9.527	7	0.217	272481	1011910	1284390	246	39
rs10485804	20	56230648	20:56230648:G:A	A	G	0.4221	0.0787	-0.0214	0.0038	1.359e-8	+---?---	0	3.887	6	0.6919	239969	865694	1105660	247	9
rs78412528	20	59159857	20:59159857:A:G	A	G	0.122	0.0248	0.0297	0.0044	1.203e-11	+--++-++	29	9.861	7	0.1966	272481	1011910	1284390	248	108
rs1997569	21	29213027	21:29213027:A:G	A	G	0.193	0.1109	0.036	0.0047	2.302e-14	++-++-++	15.8	8.318	7	0.3054	272481	1011910	1284390	249	52
rs28451064	21	34221526	21:34221526:A:G	A	G	0.1263	0.0245	0.0929	0.0055	9.549e-64	++-++?+-	23.3	7.826	6	0.2511	269095	937219	1206310	250	163
NA	21	41258677	21:41258677:AT:A	A	AT	0.4126	0.0712	-0.0251	0.0037	1.039e-11	--+-+---	62.2	18.526	7	0.009809	272481	1011910	1284390	251	22
rs12627514	21	43339560	21:43339560:G:C	C	G	0.7254	0.0455	-0.0271	0.0038	7.57e-13	--+-----	13.2	8.069	7	0.3266	272481	1011910	1284390	252	18
rs555089429	22	24165325	22:24165325:C:G	C	G	0.0224	0	-0.2385	0.0382	4.23e-10	????-???	0	0	0	1	32512	146214	178726	254	35
NA	22	28978734	22:28978734:CA:C	CA	C	0.3335	0.0505	0.0218	0.0037	3.475e-9	++-++++-	0	5.515	7	0.5974	272481	1011910	1284390	255	9
rs6006426	22	30273894	22:30273894:A:G	A	G	0.5628	0.0199	0.0259	0.0033	7.6e-15	++++++++	0	4.467	7	0.7247	272481	1011910	1284390	256	3
NA	22	34576507	22:34576507:A:C	A	C	2e-4	0	3.5377	0.5994	3.598e-9	???????+	0	0	0	1	3556	40218	43774	258	2
rs1569492	22	38579506	22:38579506:A:G	A	G	0.4162	0.0947	-0.0217	0.0033	8.657e-11	--+----+	0	4.818	7	0.6822	272481	1011910	1284390	259	259
rs2009960	22	41419112	22:41419112:T:C	T	C	0.2748	0.0406	0.0216	0.0035	3.99e-10	++-+++++	0	3.725	7	0.8109	272481	1011910	1284390	260	9
rs738409	22	43928847	22:43928847:G:C	C	G	0.7315	0.0955	0.0237	0.0039	7.749e-10	-+-+++++	40.2	11.714	7	0.1104	272481	1011910	1284390	261	17
rs748431	3	14886570	3:14886570:T:G	T	G	0.5698	0.1161	-0.0275	0.0035	3.677e-15	--+-----	43.4	12.377	7	0.08884	272481	1011910	1284390	263	109
rs1436351	3	104899129	3:104899129:T:G	T	G	0.7073	0.0779	0.0206	0.0036	7.993e-9	++++++++	0	5.029	7	0.6565	272481	1011910	1284390	264	2
rs62265630	3	124756354	3:124756354:G:T	T	G	0.8734	0.0279	-0.0371	0.0055	1.908e-11	-----+--	44.3	12.562	7	0.08354	272481	1011910	1284390	266	28
rs2625963	3	129574105	3:129574105:T:C	T	C	0.1545	0.0234	-0.0349	0.0049	9.173e-13	----??--	0	0.682	5	0.984	236583	791005	1027590	267	20
rs684773	3	136237463	3:136237463:C:A	A	C	0.2135	0.0296	-0.039	0.0038	5.402e-25	--------	0	3.463	7	0.8391	272481	1011910	1284390	268	754
rs13324341	3	138352059	3:138352059:T:C	T	C	0.1748	0.0523	0.0453	0.0043	2.718e-26	++-++-++	68	21.881	7	0.002663	272481	1011910	1284390	269	95
rs4681524	3	149532814	3:149532814:A:G	A	G	0.5525	0.074	-0.0241	0.0036	1.801e-11	-------?	0	2.002	6	0.9195	268925	971690	1240620	270	5
rs1713804	3	154081333	3:154081333:G:A	A	G	0.1471	0.0272	-0.0437	0.005	1.159e-18	--+-??--	31	7.243	5	0.2032	236583	791005	1027590	271	404
NA	3	157133835	3:157133835:C:CA	CA	C	0.5659	0.1467	-0.0304	0.0036	5.203e-17	-----+--	0	6.239	7	0.5121	272481	1011910	1284390	272	101
rs4684281	3	16453961	3:16453961:G:A	A	G	0.8124	0.0644	-0.0243	0.0042	7.255e-9	--+--+-+	0	6.323	7	0.5026	272481	1011910	1284390	274	6
rs73063004	3	185808557	3:185808557:T:C	T	C	0.3549	0.1325	0.0217	0.0039	1.828e-8	++-+?+++	0	1.432	6	0.9639	239969	865694	1105660	275	17
rs79957887	3	187288547	3:187288547:T:C	T	C	0.0603	0.0077	-0.051	0.0075	1.008e-11	----??--	0	4.36	5	0.4988	236583	791005	1027590	276	47
rs4269101	3	18722051	3:18722051:G:T	T	G	0.3256	0.0643	-0.0219	0.0038	1.276e-8	-------+	0	5.662	7	0.5798	272481	1011910	1284390	277	6
rs9968063	3	33262939	3:33262939:A:G	A	G	0.1714	0.0757	-0.0283	0.0043	3.618e-11	-?---+--	0	3.497	6	0.7443	262290	974830	1237120	278	81
rs6789465	3	43890553	3:43890553:A:G	A	G	0.3179	0.1341	-0.023	0.004	1.403e-8	-------?	12.5	6.854	6	0.3346	268925	971690	1240620	279	8
rs6446272	3	49425854	3:49425854:A:G	A	G	0.3156	0.0837	-0.0273	0.0038	6.809e-13	-----+--	0	3.564	7	0.8284	272481	1011910	1284390	280	304
rs13071584	3	52770471	3:52770471:C:T	T	C	0.5712	0.0323	-0.0158	0.0028	2.944e-8	-+------	0	6.924	7	0.4368	272481	1011910	1284390	281	2
rs1842803	3	65184286	3:65184286:C:T	T	C	0.5437	0.114	0.025	0.0035	8.576e-13	++++++++	39	11.47	7	0.1194	272481	1011910	1284390	282	46
rs9846225	3	98862982	3:98862982:A:C	A	C	0.3523	0.0347	0.0192	0.0034	2.354e-8	++++?-+-	0	2.615	6	0.8554	239969	865694	1105660	283	2
rs6831256	4	3471412	4:3471412:G:A	A	G	0.5698	0.0745	-0.0289	0.0035	1.646e-16	-----+-?	9	6.591	6	0.3603	268925	971690	1240620	284	185
rs3774895	4	5885713	4:5885713:T:A	A	T	0.4798	0.1261	0.0226	0.0041	2.756e-8	+-+++-++	57.8	16.593	7	0.02022	272481	1011910	1284390	285	2
NA	4	81704566	4:81704566:G:GT	G	GT	0.3169	0.0472	-0.0231	0.0033	2.61e-12	--+--+--	0	5.821	7	0.5608	272481	1011910	1284390	286	16
rs10856869	4	87531852	4:87531852:T:C	T	C	0.3203	0.12	-0.0248	0.0039	2.954e-10	-------+	0	4.793	7	0.6852	272481	1011910	1284390	287	13
rs28418580	4	88821093	4:88821093:T:C	T	C	0.5022	0.0577	0.0158	0.0028	1.809e-8	++-++++-	0	2.546	7	0.9236	272481	1011910	1284390	288	4
rs12500473	4	95012186	4:95012186:A:G	A	G	0.4619	0.1	-0.0239	0.0034	3.7e-12	-+------	27.1	9.599	7	0.2125	272481	1011910	1284390	290	170
rs374571039	4	110776633	4:110776633:TTTTTTATTTTTA:T	T	TTTTTTATTTTTA	0.1821	0.0633	0.0315	0.0045	1.899e-12	++-+?++?	33.5	7.519	5	0.1848	236413	825476	1061890	291	4
rs13134800	4	119979127	4:119979127:C:T	T	C	0.2999	0.0346	0.0277	0.0035	5.174e-15	++-+++++	40	11.659	7	0.1123	272481	1011910	1284390	292	989
rs9330349	4	137510413	4:137510413:A:T	A	T	0.4477	0.0827	0.021	0.0035	1.268e-9	++-+++++	0	4.694	7	0.6973	272481	1011910	1284390	293	24
NA	4	140037241	4:140037241:GA:G	G	GA	0.4353	0.0787	0.0282	0.0043	6.792e-11	++-+?+??	3.8	4.157	4	0.3852	184824	482397	667221	294	42
NA	4	143121577	4:143121577:C:CT	CT	C	0.3468	0.0362	0.0202	0.0036	1.868e-8	++++?++?	0	4.559	5	0.4721	236413	825476	1061890	295	16
rs79567150	4	7885610	4:7885610:T:A	A	T	0.9067	0.0451	0.0369	0.0067	3.693e-8	+++++?++	0	5.003	6	0.5434	269095	937219	1206310	296	2
rs6841581	4	147480038	4:147480038:A:G	A	G	0.1884	0.0718	0.0724	0.0044	3.1049999999999998e-61	++++++++	80.7	36.36	7	6.2e-6	272481	1011910	1284390	297	618
rs6828937	4	151228729	4:151228729:T:G	T	G	0.7556	0.1472	0.0437	0.0068	1.476e-10	++-?-+++	25	8.002	6	0.238	129249	731188	860437	299	51
rs72689147	4	155718736	4:155718736:T:G	T	G	0.1955	0.0307	-0.0422	0.0043	1.3819999999999998e-22	+++-----	55.7	15.812	7	0.02689	272481	1011910	1284390	300	212
rs869396	4	168766849	4:168766849:A:C	A	C	0.4898	0.0561	-0.0246	0.0033	3.952e-14	-+---+--	44.9	12.695	7	0.07989	272481	1011910	1284390	301	38
rs1836828	4	176920855	4:176920855:A:G	A	G	0.7824	0.1253	-0.0249	0.0043	7.229e-9	--+-----	30.1	10.018	7	0.1875	272481	1011910	1284390	302	3
rs4997686	4	186204349	4:186204349:A:G	A	G	0.6305	0.0613	-0.0311	0.0043	3.596e-13	----?+??	15.7	4.746	4	0.3144	184824	482397	667221	303	50
rs62409967	4	41151633	4:41151633:G:A	A	G	0.6954	0.111	-0.0248	0.0039	2.421e-10	-------+	0	4.548	7	0.715	272481	1011910	1284390	305	8
rs10938398	4	45184122	4:45184122:A:G	A	G	0.4037	0.0683	0.0231	0.0035	3.828e-11	++-+++++	0	5.652	7	0.5809	272481	1011910	1284390	306	7
rs7658601	4	56915181	4:56915181:T:C	T	C	0.2274	0.0782	0.0402	0.0038	6.783e-26	++++++++	22.1	8.987	7	0.2536	272481	1011910	1284390	307	162
rs10049758	4	68587362	4:68587362:A:C	A	C	0.5267	0.0999	-0.0355	0.0054	5.015e-11	--?-?-??	0	2.048	3	0.5626	183675	475877	659552	308	62
NA	4	72556176	4:72556176:T:TG	T	TG	0.448	0.0255	-0.0284	0.0035	7.061e-16	-------?	0	2.014	6	0.9184	268925	971690	1240620	309	117
rs12509595	4	80261400	4:80261400:C:T	T	C	0.7127	0.0376	-0.0271	0.0032	1.619e-17	--------	65.3	20.155	7	0.005245	272481	1011910	1284390	310	14
rs11748824	5	3997716	5:3997716:C:T	T	C	0.8702	0.0413	0.0398	0.0052	2.06e-14	+++++-++	30.6	10.08	7	0.1841	272481	1011910	1284390	311	135
rs422309	5	9544284	5:9544284:A:G	A	G	0.1674	0.0166	-0.0391	0.0046	1.457e-17	?-+----+	47.1	11.344	6	0.07831	245615	928518	1174130	312	210
rs288173	5	108016593	5:108016593:G:A	A	G	0.7456	0.1192	0.0282	0.0039	4.371e-13	++-+++++	58.6	16.92	7	0.01792	272481	1011910	1284390	315	188
rs13160727	5	111925780	5:111925780:A:G	A	G	0.479	0.1449	0.0244	0.0039	2.879e-10	++++++++	0	3.713	7	0.8121	272481	1011910	1284390	316	74
rs10060250	5	117667323	5:117667323:A:G	A	G	0.2709	0.1338	-0.0242	0.0039	4.927e-10	--+-?---	0	1.338	6	0.9695	239969	865694	1105660	317	82
rs10040870	5	119250592	5:119250592:G:A	A	G	0.7219	0.0602	-0.0237	0.0042	1.368e-8	----+--+	0	6.414	7	0.4924	272481	1011910	1284390	318	4
rs4836409	5	123062680	5:123062680:G:A	A	G	0.7127	0.0616	0.0229	0.0039	5.305e-9	-+-+-++-	35.6	10.871	7	0.1444	272481	1011910	1284390	319	12
rs3935200	5	128635860	5:128635860:C:G	C	G	0.6577	0.1762	-0.036	0.005	5.785e-13	----????	0	0.363	3	0.9478	181438	407708	589146	320	98
rs10477741	5	132459618	5:132459618:G:T	T	G	0.8576	0.0489	-0.035	0.0053	3.702e-11	----++-+	52.3	14.671	7	0.04046	272481	1011910	1284390	321	21
rs2731813	5	17113237	5:17113237:T:C	T	C	0.2402	0.0323	0.0207	0.0036	1.29e-8	+-+++++-	0	6.872	7	0.4423	272481	1011910	1284390	323	3
rs254574	5	135096700	5:135096700:G:A	A	G	0.5988	0.0629	-0.0196	0.0034	9.073e-9	--------	0	5.397	7	0.6116	272481	1011910	1284390	324	2
rs11567993	5	138291128	5:138291128:C:A	A	C	0.8245	0.0249	0.0327	0.0047	2.946e-12	++++?+++	0	3.644	6	0.7247	239969	865694	1105660	325	70
rs156093	5	140138279	5:140138279:C:G	C	G	0.3978	0.0875	-0.02	0.0034	5.562e-9	-----+--	0	3.476	7	0.8378	272481	1011910	1284390	326	7
rs12522841	5	143139110	5:143139110:A:G	A	G	0.438	0.0889	0.02	0.0034	4.841e-9	++-++++-	57.1	16.31	7	0.02243	272481	1011910	1284390	327	18
rs11465228	5	157575687	5:157575687:T:C	T	C	0.0737	0.0167	-0.0559	0.0072	7.472e-15	--+-??-?	25.5	5.372	4	0.2512	233027	750787	983814	328	158
rs72810955	5	173870299	5:173870299:T:C	T	C	0.2717	0.0786	-0.0325	0.0047	5.566e-12	+-----??	35	7.695	5	0.1738	217336	628611	845947	329	37
rs10059884	5	32832368	5:32832368:A:C	A	C	0.5845	0.0132	0.019	0.0034	2.253e-8	+++++-+?	11.5	6.779	6	0.3417	268925	971690	1240620	330	2
rs7719168	5	53996560	5:53996560:C:A	A	C	0.8912	0.0165	-0.0365	0.0057	1.432e-10	-+--??--	40.2	8.36	5	0.1375	236583	791005	1027590	331	61
rs256903	5	56513311	5:56513311:A:C	A	C	0.6912	0.0638	0.0265	0.004	4.496e-11	++++?-+-	49.5	11.889	6	0.0645	239969	865694	1105660	332	165
rs555324246	5	63650287	5:63650287:A:C	A	C	4e-4	0	2.9351	0.5091	8.161e-9	???????+	0	0	0	1	3556	40218	43774	334	3
rs6893959	5	67239244	5:67239244:G:A	A	G	0.457	0.083	-0.0173	0.0031	3.479e-8	--+--+--	0	3.024	7	0.8828	272481	1011910	1284390	335	2
rs78908099	5	75301207	5:75301207:C:T	T	C	0.944	0.003	-0.1301	0.0216	1.657e-9	??-?--?+	0	0.301	3	0.9598	40603	267641	308244	336	13
rs6909529	6	2611892	6:2611892:T:G	T	G	0.4733	0.0824	0.024	0.0034	1.106e-12	++++++++	14.3	8.167	7	0.3181	272481	1011910	1284390	337	40
rs1575290	6	7715456	6:7715456:T:C	T	C	0.4347	0.0715	-0.0207	0.0035	3.99e-9	--+-?+--	7	6.454	6	0.3743	239969	865694	1105660	338	14
rs79717953	6	73695048	6:73695048:T:C	T	C	0.0622	0.0333	0.0923	0.0147	3.378e-10	++-++-+-	21.3	8.893	7	0.2605	272481	1011910	1284390	339	5
rs66664760	6	78889135	6:78889135:A:G	A	G	0.5397	0.1108	-0.0248	0.004	7.618e-10	+-----??	0	3.849	5	0.5713	217336	628611	845947	340	239
rs10806235	6	81993618	6:81993618:T:C	T	C	0.3786	0.0536	0.026	0.0034	1.692e-14	--++++++	52.6	14.777	7	0.03896	272481	1011910	1284390	341	97
rs7764335	6	89605330	6:89605330:C:T	T	C	0.2404	0.0566	0.023	0.0039	6.155e-9	?++++-+-	42.9	10.503	6	0.105	245615	928518	1174130	342	5
rs4840254	6	96356592	6:96356592:G:A	A	G	0.8343	0.0482	-0.0327	0.0045	4.321e-13	--+-?--+	0	4.671	6	0.5867	239969	865694	1105660	343	300
NA	6	99555436	6:99555436:C:CT	CT	C	0.2056	0.0346	-0.0372	0.0056	4.238e-11	--+-?+??	0	1.583	4	0.8119	184824	482397	667221	344	54
NA	6	102433811	6:102433811:A:AGT	A	AGT	0.2321	0.0922	0.022	0.0039	1.159e-8	+++++-++	0	4.548	7	0.7149	272481	1011910	1284390	345	36
rs12190287	6	133893387	6:133893387:G:C	C	G	0.6127	0.0643	0.0628	0.0035	1.3869999999999999e-71	++++++++	65.3	20.184	7	0.005186	272481	1011910	1284390	348	359
rs9349379	6	12903725	6:12903725:G:A	A	G	0.5718	0.1004	-0.0921	0.0034	2.05e-163	-------?	81.1	31.726	6	1.842e-5	268925	971690	1240620	349	479
rs9376090	6	135090090	6:135090090:C:T	T	C	0.7169	0.0629	0.0246	0.0042	3.199e-9	-+++++++	0	6.86	7	0.4436	272481	1011910	1284390	350	11
rs9390676	6	149376624	6:149376624:T:C	T	C	0.2175	0.1621	-0.0393	0.0049	5.722e-16	--------	0	3.734	7	0.8098	272481	1011910	1284390	352	276
rs62434125	6	150681235	6:150681235:C:T	T	C	0.9171	0.0348	0.0346	0.0052	3.758e-11	++-+++++	21.1	8.869	7	0.2622	272481	1011910	1284390	353	76
rs10455872	6	160589086	6:160589086:G:A	A	G	0.9374	0.013	-0.2588	0.0074	2.3399999999999998e-271	----??-+	5.5	5.291	5	0.3814	236583	791005	1027590	354	1619
rs7766436	6	22598030	6:22598030:T:C	T	C	0.2784	0.0369	0.0454	0.0037	2.026e-34	++++++++	0	6.642	7	0.467	272481	1011910	1284390	355	215
NA	6	31239457	6:31239457:CCT:C	CCT	C	0.0707	0.0012	0.1876	0.019	5.1169999999999997e-23	????+??+	0	0.791	1	0.3738	36068	186432	222500	356	3044
rs10807202	6	39216263	6:39216263:T:C	T	C	0.2347	0.0359	-0.0332	0.0041	3.087e-16	--------	0	4.703	7	0.6961	272481	1011910	1284390	357	88
rs4711750	6	43789345	6:43789345:A:T	A	T	0.4851	0.0787	0.0326	0.0034	1.053e-21	++-+++++	3.2	7.232	7	0.4052	272481	1011910	1284390	358	37
rs58247935	6	51544822	6:51544822:T:C	T	C	0.3264	0.0314	0.0194	0.0034	1.281e-8	+++++-++	0	3.625	7	0.8218	272481	1011910	1284390	359	13
rs9464024	6	54117969	6:54117969:A:G	A	G	0.2179	0.0416	0.0366	0.0062	3.669e-9	++++?+??	0	0.293	4	0.9902	184824	482397	667221	360	2
rs9396266	6	57242524	6:57242524:T:C	T	C	0.3461	0.1111	-0.0332	0.0037	1.265e-19	+-------	42.1	12.084	7	0.09784	272481	1011910	1284390	361	116
rs11767515	7	1901415	7:1901415:T:C	T	C	0.1864	0.0505	-0.0375	0.0046	6.159e-16	--+----+	34.5	10.683	7	0.15310000000000001	272481	1011910	1284390	362	280
rs3828946	7	6436200	7:6436200:T:C	T	C	0.3299	0.1581	-0.0205	0.0036	1.057e-8	-++-----	16.3	8.361	7	0.3018	272481	1011910	1284390	363	2
NA	7	74813118	7:74813118:C:T	T	C	0.5996	0.1226	-0.0386	0.0057	1.227e-11	----????	0	2.759	3	0.4303	181438	407708	589146	365	19
rs3926926	7	76928954	7:76928954:A:G	A	G	0.2221	0.0689	-0.0286	0.005	1.001e-8	+---?--+	58.8	14.569	6	0.02388	239969	865694	1105660	366	7
rs917191	7	80941555	7:80941555:C:G	C	G	0.5558	0.0589	0.0212	0.0032	4.68e-11	++-+++++	29.5	9.928	7	0.1927	272481	1011910	1284390	367	7
rs2110391	7	86444979	7:86444979:G:A	A	G	0.6135	0.1084	0.0267	0.004	2.847e-11	+++++-+-	0	6.257	7	0.5101	272481	1011910	1284390	368	31
rs1963304	7	100028173	7:100028173:G:T	T	G	0.335	0.0426	0.0298	0.0037	4.683e-16	++++++++	0	2.467	7	0.9296	272481	1011910	1284390	369	176
rs202162	7	101991968	7:101991968:G:C	C	G	0.2388	0.0506	0.0288	0.0044	5.375e-11	+-++++++	21.1	8.871	7	0.262	272481	1011910	1284390	370	15
rs12705390	7	106770331	7:106770331:A:G	A	G	0.2099	0.0537	0.0338	0.0037	4.127e-20	++++++++	57.4	16.413	7	0.0216	272481	1011910	1284390	371	15
rs35624276	7	114400048	7:114400048:A:G	A	G	0.4802	0.1075	-0.0212	0.0038	2.783e-8	-+------	0	6.652	7	0.466	272481	1011910	1284390	372	8
rs2239956	7	117309232	7:117309232:T:C	T	C	0.4067	0.0612	-0.021	0.0035	1.679e-9	--+-----	15.6	8.292	7	0.3076	272481	1011910	1284390	373	25
rs4721058	7	12227630	7:12227630:T:C	T	C	0.4376	0.1136	0.032	0.0036	3.322e-19	++++++++	15.8	8.317	7	0.3055	272481	1011910	1284390	374	176
rs11556924	7	130023656	7:130023656:T:C	T	C	0.3495	0.0753	-0.0498	0.0037	5.2059999999999994e-42	--------	25.7	9.419	7	0.224	272481	1011910	1284390	375	88
rs75511781	7	131638951	7:131638951:G:A	A	G	0.9437	0.016	-0.0429	0.0073	4.516e-9	+---?--+	31.7	8.784	6	0.1861	239969	865694	1105660	376	4
rs7781964	7	140049546	7:140049546:A:G	A	G	0.2868	0.1462	-0.029	0.0042	7.124e-12	--------	0	2.109	7	0.9536	272481	1011910	1284390	377	49
rs7800935	7	146993834	7:146993834:C:T	T	C	0.4037	0.0402	-0.025	0.0038	6.361e-11	--+-?+-?	0	2.398	5	0.7918	236413	825476	1061890	378	9
rs3918226	7	150993088	7:150993088:T:C	T	C	0.0742	0.0112	0.0795	0.0075	1.6380000000000002e-26	++++??+-	30	7.139	5	0.2105	236583	791005	1027590	379	50
rs2107595	7	19009765	7:19009765:A:G	A	G	0.2114	0.0672	0.0612	0.0041	5.478999999999999e-51	++++++++	57.5	16.481	7	0.02107	272481	1011910	1284390	381	56
rs2711089	7	24583304	7:24583304:A:C	A	C	0.4004	0.1513	-0.0218	0.0034	2.215e-10	--------	0	5.837	7	0.5589	272481	1011910	1284390	383	67
rs2270222	7	35241543	7:35241543:A:G	A	G	0.379	0.0422	-0.024	0.0033	5.513e-13	--+--+-+	27.9	9.703	7	0.2061	272481	1011910	1284390	384	110
rs2107732	7	45038379	7:45038379:A:G	A	G	0.0848	0.0144	-0.0505	0.0067	4.231e-14	--+-??-?	0	0.61	4	0.962	233027	750787	983814	385	5
rs11185603	7	50267214	7:50267214:G:C	C	G	0.6621	0.0902	0.0262	0.0043	1.181e-9	+++++-++	66.7	21.032	7	0.003723	272481	1011910	1284390	386	14
rs6979190	7	56031055	7:56031055:C:T	T	C	0.2923	0.0669	0.0273	0.0042	1.156e-10	++-+++++	0	6.282	7	0.5072	272481	1011910	1284390	387	53
rs11780610	8	18402366	8:18402366:T:C	T	C	0.6482	0.1544	-0.022	0.0037	2.028e-9	--+----+	29	9.862	7	0.1965	272481	1011910	1284390	389	8
rs551295	8	101865685	8:101865685:T:C	T	C	0.2353	0.0603	-0.024	0.0039	6.08e-10	--------	0	5.173	7	0.6389	272481	1011910	1284390	391	89
rs28601761	8	125487789	8:125487789:G:C	C	G	0.6197	0.072	0.0462	0.0035	4.507e-40	++-++-+-	60.3	17.623	7	0.01379	272481	1011910	1284390	392	96
rs62521898	8	140879909	8:140879909:C:T	T	C	0.72	0.0577	-0.0242	0.0037	4.262e-11	----+---	44	12.506	7	0.0851	272481	1011910	1284390	393	208
rs3916027	8	19967357	8:19967357:A:G	A	G	0.2685	0.0532	-0.0544	0.0037	1.592e-49	--------	0	5.676	7	0.578	272481	1011910	1284390	394	424
rs73225858	8	22191828	8:22191828:T:C	T	C	0.0805	0.0397	0.0743	0.0072	3.9560000000000003e-25	++-++?++	0	3.164	6	0.788	269095	937219	1206310	395	59
rs11987679	8	25171018	8:25171018:A:G	A	G	0.0882	0.0504	-0.0559	0.0069	5.523e-16	--------	20.8	8.836	7	0.2646	272481	1011910	1284390	396	151
rs111659883	8	27580056	8:27580056:T:C	T	C	0.2314	0.0356	-0.0216	0.0039	2.232e-8	+++--+--	29.8	9.972	7	0.1902	272481	1011910	1284390	397	3
rs9298506	8	54524964	8:54524964:G:A	A	G	0.7997	0.0203	-0.0229	0.004	8.312e-9	-----+--	0	1.925	7	0.9639	272481	1011910	1284390	398	16
rs35278675	8	79557543	8:79557543:T:A	A	T	0.8545	0.0331	-0.0342	0.0052	6.457e-11	----??--	0	0.862	5	0.9729	236583	791005	1027590	400	62
rs509594	8	94954928	8:94954928:G:C	C	G	0.6265	0.0653	-0.019	0.0029	3.797e-11	-----+--	26.2	9.486	7	0.2196	272481	1011910	1284390	401	154
rs1443848	9	13728875	9:13728875:A:C	A	C	0.6275	0.0962	0.0216	0.0031	3.292e-12	++++++++	7.4	7.561	7	0.3729	272481	1011910	1284390	402	95
rs4741545	9	15830508	9:15830508:G:T	T	G	0.5076	0.0934	0.0197	0.0034	5.689e-9	++-++-+-	46	12.965	7	0.07298	272481	1011910	1284390	403	4
rs718841	9	114435755	9:114435755:A:T	A	T	0.315	0.0442	-0.0202	0.0035	1.006e-8	-++-----	0	5.133	7	0.6437	272481	1011910	1284390	404	5
rs12683023	9	116479383	9:116479383:G:C	C	G	0.791	0.036	-0.0276	0.0042	7.517e-11	-----+-+	19	8.644	7	0.2792	272481	1011910	1284390	405	11
rs10818576	9	121650669	9:121650669:G:T	T	G	0.7708	0.0251	-0.0262	0.004	3.588e-11	--------	21.9	8.967	7	0.255	272481	1011910	1284390	406	45
rs7018617	9	125724803	9:125724803:T:G	T	G	0.6592	0.04	0.0198	0.0034	4.889e-9	++-+?+++	0	6.001	6	0.423	239969	865694	1105660	407	5
rs115478735	9	133274295	9:133274295:T:A	A	T	0.8171	0.0367	-0.0467	0.0041	3.653e-30	--------	0	3.725	7	0.8109	272481	1011910	1284390	408	97
rs28642213	9	136353630	9:136353630:G:A	A	G	0.2603	0.0492	-0.0246	0.0043	8.251e-9	+-------	56.8	16.2	7	0.02335	272481	1011910	1284390	409	3
rs13300853	9	16901230	9:16901230:T:C	T	C	0.3984	0.0818	0.0203	0.0029	4.819e-12	-++++-++	28.3	9.768	7	0.2021	272481	1011910	1284390	410	93
rs10738606	9	22088091	9:22088091:T:A	A	T	0.5233	0.0937	-0.148	0.0033	1.01e-305	--------	93.7	110.677	7	6.644e-21	272481	1011910	1284390	411	876
rs10811974	9	23832178	9:23832178:T:C	T	C	0.2543	0.0713	-0.0248	0.0044	2.358e-8	--+--+--	40.2	11.707	7	0.1106	272481	1011910	1284390	412	3
rs2295795	9	35712006	9:35712006:A:G	A	G	0.2804	0.0432	-0.0193	0.0033	4.857e-9	-++-----	0	2.722	7	0.9095	272481	1011910	1284390	413	17
rs12001675	9	98031425	9:98031425:A:G	A	G	0.2081	0.0444	-0.0234	0.0038	1.095e-9	?-------	14.2	6.997	6	0.3212	245615	928518	1174130	414	15
NA	9	104903754	9:104903754:GC:G	G	GC	0.8603	0.0448	0.0417	0.0053	3.29e-15	++-++-++	0	6.881	7	0.4413	272481	1011910	1284390	415	56
rs10979039	9	107770566	9:107770566:C:G	C	G	0.4425	0.0572	-0.0251	0.003	1.225e-16	--------	0	5.363	7	0.6157	272481	1011910	1284390	416	47
rs80153892	9	110470025	9:110470025:A:G	A	G	0.0306	0.0075	0.0852	0.0108	4.074e-15	++-+??++	0	0.313	5	0.9974	236583	791005	1027590	417	39
